0.0 748.0 204.0 1905.0 4317.810000000002 
0.0 704.0 212.0 2112.0 4757.070000000004 
0.0 594.0 250.0 2635.0 5876.11000000001 
0.0 747.0 206.0 1916.0 4257.620000000003 
0.0 816.0 175.0 1614.0 3476.5300000000016 
0.0 354.0 394.0 3833.0 8208.840000000002 
0.0 638.0 252.0 2418.0 5421.030000000008 
0.0 720.0 213.0 2063.0 4421.370000000002 
0.0 560.0 294.0 2785.0 6193.3000000000075 
0.0 797.0 187.0 1746.0 3546.6000000000013 
0.0 772.0 204.0 1836.0 3850.440000000002 
0.0 772.0 200.0 1836.0 3852.210000000002 
0.0 773.0 199.0 1835.0 3831.940000000002 
0.0 478.0 296.0 3228.0 6954.570000000004 
0.0 1008.0 84.0 831.0 1607.1000000000006 
0.0 737.0 176.0 1974.0 4399.410000000003 
0.0 649.0 215.0 2386.0 5260.670000000009 
0.0 787.0 186.0 1736.0 3815.790000000002 
0.0 408.0 306.0 3638.0 7667.210000000004 
0.0 502.0 279.0 3118.0 6666.780000000005 
0.0 587.0 261.0 2664.0 5909.3400000000065 
0.0 404.0 341.0 3594.0 7713.6600000000035 
0.0 328.0 358.0 4032.0 8487.019999999999 
0.0 318.0 362.0 4090.0 8570.88 
0.0 295.0 369.0 4230.0 8806.519999999999 
0.0 400.0 364.0 3595.0 7789.750000000004 
0.0 717.0 212.0 2089.0 4405.320000000001 
0.0 638.0 247.0 2432.0 5276.930000000007 
0.0 515.0 303.0 3009.0 6606.5100000000075 
0.0 658.0 244.0 2337.0 5091.560000000007 
0.0 525.0 296.0 2959.0 6530.910000000007 
0.0 800.0 183.0 1691.0 3621.070000000002 
0.0 531.0 241.0 3021.0 6426.450000000005 
0.0 644.0 213.0 2413.0 5333.950000000008 
0.0 403.0 318.0 3642.0 7728.880000000002 
0.0 459.0 308.0 3319.0 7156.640000000004 
0.0 467.0 306.0 3275.0 7070.950000000004 
0.0 865.0 147.0 1427.0 2903.4400000000014 
0.0 293.0 370.0 4241.0 8831.539999999999 
0.0 592.0 272.0 2649.0 5710.870000000008 
0.0 430.0 339.0 3444.0 7483.430000000006 
0.0 755.0 215.0 1904.0 4057.340000000003 
0.0 731.0 218.0 2013.0 4321.280000000003 
0.0 504.0 283.0 3098.0 6657.450000000005 
0.0 733.0 215.0 1980.0 4416.500000000005 
0.0 372.0 362.0 3755.0 8062.980000000002 
0.0 686.0 229.0 2208.0 4812.770000000004 
0.0 742.0 204.0 1970.0 4169.290000000001 
0.0 769.0 206.0 1850.0 3881.8900000000017 
0.0 537.0 296.0 2899.0 6386.230000000007 
0.0 689.0 226.0 2190.0 4812.310000000004 
0.0 300.0 426.0 4117.0 8747.77 
0.0 185.0 479.0 4786.0 9927.300000000008 
0.0 135.0 499.0 5107.0 10381.440000000002 
0.0 358.0 398.0 3811.0 8168.830000000003 
0.0 416.0 370.0 3517.0 7487.190000000006 
0.0 333.0 414.0 3940.0 8456.71 
0.0 281.0 430.0 4226.0 8932.400000000005 
0.0 412.0 370.0 3535.0 7557.720000000005 
0.0 356.0 397.0 3822.0 8180.880000000004 
0.0 719.0 212.0 2108.0 4298.460000000001 
0.0 266.0 447.0 4306.0 9115.420000000007 
0.0 620.0 263.0 2550.0 5298.650000000006 
0.0 260.0 437.0 4347.0 9136.40000000001 
0.0 456.0 338.0 3304.0 7215.190000000007 
0.0 124.0 486.0 5228.0 10598.790000000005 
0.0 397.0 377.0 3606.0 7830.650000000004 
0.0 214.0 446.0 4625.0 9635.120000000006 
0.0 176.0 456.0 4875.0 10007.370000000006 
0.0 485.0 335.0 3188.0 6689.2600000000075 
0.0 339.0 394.0 3916.0 8331.770000000002 
0.0 262.0 423.0 4348.0 9124.620000000008 
0.0 481.0 334.0 3190.0 6811.220000000007 
0.0 469.0 346.0 3247.0 6953.020000000007 
0.0 211.0 451.0 4637.0 9692.110000000004 
0.0 274.0 438.0 4262.0 9020.320000000005 
0.0 426.0 368.0 3461.0 7421.550000000007 
0.0 404.0 374.0 3575.0 7651.600000000005 
0.0 244.0 433.0 4448.0 9353.93000000001 
0.0 441.0 359.0 3381.0 7321.570000000006 
0.0 192.0 431.0 4822.0 9867.500000000002 
0.0 917.0 116.0 1152.0 2516.0000000000005 
0.0 949.0 107.0 1048.0 2125.89 
0.0 714.0 184.0 2081.0 4684.910000000004 
0.0 604.0 215.0 2634.0 5717.260000000008 
0.0 779.0 170.0 1765.0 4090.8400000000033 
0.0 982.0 89.0 871.0 1871.1499999999994 
0.0 812.0 169.0 1605.0 3688.180000000002 
0.0 696.0 186.0 2175.0 4847.740000000005 
0.0 641.0 201.0 2446.0 5377.480000000009 
0.0 595.0 215.0 2688.0 5807.380000000007 
0.0 826.0 162.0 1539.0 3565.610000000001 
0.0 766.0 184.0 1823.0 4186.760000000003 
0.0 830.0 163.0 1529.0 3450.4200000000023 
0.0 602.0 219.0 2638.0 5723.030000000009 
0.0 486.0 297.0 3178.0 6879.060000000005 
0.0 479.0 299.0 3216.0 6955.550000000005 
0.0 830.0 165.0 1546.0 3359.2600000000016 
0.0 624.0 260.0 2483.0 5609.440000000007 
0.0 699.0 223.0 2137.0 4772.550000000003 
0.0 451.0 312.0 3359.0 7255.190000000002 
0.0 611.0 264.0 2547.0 5651.080000000007 
0.0 706.0 213.0 2119.0 4604.680000000003 
0.0 742.0 218.0 1967.0 4183.980000000004 
0.0 657.0 230.0 2349.0 5097.080000000007 
0.0 777.0 197.0 1838.0 3741.530000000002 
0.0 415.0 309.0 3586.0 7608.7800000000025 
0.0 662.0 239.0 2304.0 5230.820000000008 
0.0 440.0 304.0 3442.0 7364.630000000003 
0.0 761.0 206.0 1887.0 3965.7900000000022 
0.0 385.0 350.0 3694.0 7896.300000000003 
0.0 1078.0 57.0 461.0 912.4999999999999 
0.0 533.0 260.0 2970.0 6350.320000000004 
0.0 800.0 170.0 1660.0 3849.1100000000015 
0.0 530.0 262.0 2984.0 6380.380000000005 
0.0 439.0 299.0 3459.0 7381.300000000003 
0.0 682.0 229.0 2217.0 4937.700000000005 
0.0 577.0 280.0 2705.0 6024.680000000008 
0.0 603.0 265.0 2582.0 5778.370000000006 
0.0 663.0 241.0 2311.0 5064.260000000007 
0.0 730.0 211.0 2038.0 4245.390000000002 
0.0 691.0 235.0 2198.0 4689.800000000005 
0.0 349.0 380.0 3868.0 8274.680000000002 
0.0 491.0 312.0 3129.0 6889.430000000006 
0.0 791.0 187.0 1714.0 3794.0800000000017 
0.0 683.0 223.0 2208.0 5019.800000000007 
0.0 715.0 210.0 2057.0 4705.210000000005 
0.0 883.0 135.0 1299.0 2867.4800000000014 
0.0 752.0 203.0 1884.0 4310.140000000002 
0.0 483.0 305.0 3181.0 6973.850000000004 
0.0 988.0 85.0 821.0 1929.5599999999995 
0.0 962.0 93.0 931.0 2201.679999999999 
0.0 244.0 436.0 4444.0 9360.300000000008 
0.0 294.0 429.0 4149.0 8827.440000000002 
0.0 523.0 312.0 3020.0 6241.410000000008 
0.0 357.0 399.0 3827.0 8043.680000000004 
0.0 260.0 447.0 4344.0 9120.000000000007 
0.0 222.0 462.0 4564.0 9535.13000000001 
0.0 529.0 311.0 3002.0 6149.960000000009 
0.0 229.0 462.0 4522.0 9464.81000000001 
0.0 365.0 392.0 3781.0 7997.380000000005 
0.0 224.0 469.0 4552.0 9485.78000000001 
0.0 311.0 423.0 4061.0 8595.240000000002 
0.0 346.0 404.0 3878.0 8220.900000000001 
0.0 505.0 320.0 3101.0 6445.100000000008 
0.0 512.0 316.0 3071.0 6362.7200000000075 
0.0 264.0 445.0 4318.0 9130.450000000006 
0.0 204.0 457.0 4676.0 9750.090000000004 
0.0 144.0 477.0 5072.0 10367.060000000007 
0.0 441.0 360.0 3395.0 7197.5800000000045 
0.0 428.0 364.0 3458.0 7347.8800000000065 
0.0 369.0 394.0 3755.0 8027.810000000004 
0.0 255.0 438.0 4376.0 9194.310000000007 
0.0 821.0 173.0 1638.0 3307.180000000002 
0.0 410.0 323.0 3587.0 7666.220000000001 
0.0 571.0 249.0 2764.0 6009.570000000007 
0.0 647.0 236.0 2379.0 5315.700000000008 
0.0 886.0 134.0 1282.0 2857.7000000000016 
0.0 764.0 194.0 1828.0 4212.120000000003 
0.0 562.0 236.0 2844.0 6088.550000000005 
0.0 911.0 88.0 1185.0 2738.750000000002 
0.0 955.0 83.0 972.0 2257.379999999999 
0.0 986.0 73.0 834.0 1974.6300000000003 
0.0 738.0 167.0 1978.0 4405.110000000003 
0.0 879.0 131.0 1299.0 3046.4900000000016 
0.0 648.0 187.0 2440.0 5272.210000000007 
0.0 786.0 162.0 1737.0 3978.920000000003 
0.0 555.0 239.0 2880.0 6154.710000000005 
0.0 745.0 196.0 1920.0 4397.020000000001 
0.0 858.0 144.0 1398.0 3205.5200000000013 
0.0 935.0 112.0 1082.0 2314.42 
0.0 778.0 178.0 1766.0 4055.7000000000025 
0.0 712.0 190.0 2085.0 4707.990000000006 
0.0 887.0 133.0 1285.0 2810.710000000002 
0.0 633.0 215.0 2469.0 5443.7300000000105 
0.0 885.0 95.0 1310.0 2990.7200000000007 
0.0 993.0 71.0 803.0 1890.4800000000002 
0.0 1027.0 63.0 657.0 1534.8799999999997 
0.0 914.0 97.0 1156.0 2673.5400000000013 
0.0 1124.0 23.0 234.0 575.4700000000001 
0.0 1080.0 30.0 439.0 1012.61 
0.0 1135.0 14.0 188.0 458.08000000000004 
0.0 1157.0 8.0 96.0 209.36000000000004 
0.0 1112.0 24.0 289.0 690.0000000000002 
0.0 1023.0 48.0 683.0 1590.1200000000008 
0.0 1016.0 51.0 712.0 1673.0400000000006 
0.0 1060.0 48.0 520.0 1230.5599999999997 
0.0 954.0 89.0 971.0 2282.72 
0.0 1132.0 23.0 212.0 433.5899999999999 
0.0 1130.0 25.0 218.0 454.96999999999986 
0.0 755.0 156.0 1904.0 4242.580000000002 
0.0 921.0 114.0 1131.0 2487.8400000000006 
0.0 897.0 121.0 1225.0 2794.8700000000013 
0.0 712.0 194.0 2082.0 4692.850000000006 
0.0 655.0 215.0 2355.0 5293.0500000000075 
0.0 650.0 215.0 2381.0 5247.800000000008 
0.0 424.0 319.0 3508.0 7563.780000000002 
0.0 468.0 314.0 3253.0 7143.600000000004 
0.0 475.0 312.0 3216.0 7070.590000000003 
0.0 560.0 278.0 2791.0 6148.3400000000065 
0.0 674.0 233.0 2248.0 5108.430000000006 
0.0 767.0 194.0 1819.0 4094.8700000000026 
0.0 605.0 229.0 2602.0 5720.500000000008 
0.0 847.0 161.0 1523.0 3049.150000000002 
0.0 659.0 244.0 2324.0 5164.790000000006 
0.0 685.0 234.0 2209.0 4846.210000000004 
0.0 134.0 523.0 5103.0 10380.550000000005 
0.0 584.0 279.0 2706.0 5704.630000000007 
0.0 605.0 270.0 2615.0 5465.240000000008 
0.0 650.0 246.0 2431.0 4948.7000000000035 
0.0 586.0 280.0 2685.0 5730.990000000008 
0.0 459.0 335.0 3289.0 7188.780000000007 
0.0 495.0 310.0 3109.0 6854.070000000006 
0.0 157.0 500.0 4956.0 10194.080000000005 
0.0 123.0 509.0 5181.0 10507.450000000004 
0.0 323.0 413.0 4005.0 8404.400000000001 
0.0 404.0 370.0 3610.0 7458.220000000007 
0.0 579.0 285.0 2750.0 5684.410000000007 
0.0 597.0 273.0 2676.0 5474.010000000006 
0.0 478.0 333.0 3212.0 6809.320000000007 
0.0 544.0 301.0 2920.0 6027.040000000008 
0.0 401.0 376.0 3598.0 7608.050000000006 
0.0 478.0 334.0 3228.0 6743.920000000006 
0.0 529.0 308.0 3003.0 6148.710000000007 
0.0 361.0 396.0 3797.0 8113.770000000004 
0.0 509.0 317.0 3072.0 6437.180000000008 
0.0 366.0 392.0 3769.0 8095.120000000003 
0.0 498.0 329.0 3155.0 6458.640000000008 
0.0 379.0 385.0 3705.0 7900.790000000004 
0.0 483.0 333.0 3176.0 6813.800000000007 
0.0 416.0 369.0 3509.0 7603.060000000004 
0.0 533.0 303.0 2934.0 6287.410000000007 
0.0 289.0 398.0 4210.0 8917.240000000005 
0.0 605.0 243.0 2585.0 5729.120000000009 
0.0 695.0 222.0 2151.0 4880.030000000006 
0.0 657.0 240.0 2328.0 5267.650000000008 
0.0 582.0 265.0 2687.0 5954.980000000006 
0.0 644.0 247.0 2389.0 5401.070000000008 
0.0 335.0 353.0 3998.0 8413.950000000003 
0.0 443.0 336.0 3374.0 7413.950000000004 
0.0 626.0 262.0 2479.0 5483.600000000009 
0.0 498.0 296.0 3108.0 6778.900000000006 
0.0 598.0 263.0 2608.0 5803.020000000007 
0.0 689.0 227.0 2183.0 4892.490000000005 
0.0 649.0 249.0 2365.0 5352.250000000007 
0.0 582.0 280.0 2681.0 6000.130000000007 
0.0 701.0 170.0 2173.0 4761.220000000004 
0.0 765.0 161.0 1849.0 4170.800000000004 
0.0 921.0 112.0 1136.0 2474.8300000000004 
0.0 913.0 118.0 1169.0 2559.190000000001 
0.0 399.0 377.0 3598.0 7747.840000000004 
0.0 301.0 408.0 4128.0 8674.140000000003 
0.0 756.0 200.0 1866.0 4265.610000000002 
0.0 885.0 130.0 1302.0 2799.3600000000015 
0.0 341.0 365.0 3937.0 8326.499999999998 
0.0 295.0 375.0 4212.0 8836.289999999999 
0.0 861.0 144.0 1391.0 3128.290000000002 
0.0 921.0 112.0 1140.0 2460.5000000000005 
0.0 836.0 157.0 1501.0 3400.6500000000015 
0.0 755.0 202.0 1871.0 4256.2800000000025 
0.0 284.0 414.0 4224.0 8866.490000000002 
0.0 753.0 204.0 1893.0 4159.600000000003 
0.0 817.0 176.0 1626.0 3412.720000000001 
0.0 455.0 287.0 3386.0 7235.770000000004 
0.0 451.0 287.0 3411.0 7270.750000000005 
0.0 692.0 205.0 2175.0 4892.610000000009 
0.0 913.0 107.0 1152.0 2691.8300000000013 
0.0 873.0 117.0 1340.0 3092.760000000001 
0.0 911.0 109.0 1160.0 2713.660000000001 
0.0 745.0 147.0 1979.0 4344.320000000002 
0.0 882.0 118.0 1295.0 2964.9700000000016 
0.0 577.0 234.0 2758.0 5937.3400000000065 
0.0 436.0 289.0 3500.0 7414.090000000006 
0.0 532.0 275.0 2946.0 6391.140000000005 
0.0 831.0 162.0 1535.0 3382.3700000000017 
0.0 655.0 241.0 2338.0 5272.500000000008 
0.0 770.0 206.0 1863.0 3825.720000000002 
0.0 294.0 412.0 4166.0 8751.670000000004 
0.0 288.0 413.0 4201.0 8818.250000000002 
0.0 476.0 330.0 3204.0 6968.960000000007 
0.0 586.0 276.0 2675.0 5782.820000000009 
0.0 254.0 445.0 4378.0 9211.880000000008 
0.0 189.0 459.0 4776.0 9878.030000000004 
0.0 263.0 437.0 4329.0 9097.82000000001 
0.0 140.0 480.0 5097.0 10409.710000000005 
0.0 138.0 480.0 5113.0 10436.970000000003 
0.0 428.0 366.0 3476.0 7259.450000000005 
0.0 335.0 407.0 3948.0 8233.770000000002 
0.0 128.0 525.0 5151.0 10393.700000000003 
0.0 94.0 541.0 5380.0 10754.360000000008 
0.0 120.0 529.0 5213.0 10452.480000000003 
0.0 127.0 524.0 5167.0 10376.310000000003 
0.0 299.0 427.0 4152.0 8557.63 
0.0 90.0 535.0 5393.0 10880.380000000005 
0.0 152.0 509.0 4985.0 10240.690000000006 
0.0 193.0 482.0 4741.0 9743.610000000002 
0.0 162.0 503.0 4925.0 10105.960000000005 
0.0 496.0 330.0 3180.0 6441.770000000007 
0.0 442.0 352.0 3425.0 7047.540000000009 
0.0 248.0 440.0 4417.0 9274.340000000007 
0.0 258.0 438.0 4358.0 9161.55000000001 
0.0 479.0 334.0 3235.0 6691.520000000007 
0.0 428.0 368.0 3464.0 7312.420000000005 
0.0 463.0 346.0 3304.0 6890.450000000008 
0.0 655.0 244.0 2387.0 4954.280000000003 
0.0 249.0 438.0 4412.0 9269.51000000001 
0.0 662.0 242.0 2370.0 4844.9100000000035 
0.0 669.0 239.0 2344.0 4762.810000000004 
0.0 556.0 295.0 2810.0 6133.070000000009 
0.0 310.0 419.0 4065.0 8625.840000000002 
0.0 287.0 433.0 4188.0 8884.770000000002 
0.0 435.0 362.0 3438.0 7198.010000000006 
0.0 799.0 185.0 1724.0 3554.960000000001 
0.0 764.0 203.0 1857.0 3985.790000000003 
0.0 656.0 243.0 2335.0 5236.560000000007 
0.0 513.0 300.0 3019.0 6660.120000000007 
0.0 363.0 332.0 3866.0 8106.740000000002 
0.0 657.0 235.0 2355.0 5028.5400000000045 
0.0 678.0 227.0 2270.0 4780.360000000004 
0.0 494.0 312.0 3114.0 6848.440000000007 
0.0 364.0 370.0 3792.0 8108.370000000003 
0.0 421.0 359.0 3483.0 7588.520000000004 
0.0 595.0 269.0 2620.0 5869.060000000008 
0.0 500.0 308.0 3084.0 6785.060000000008 
0.0 684.0 223.0 2208.0 4915.610000000005 
0.0 473.0 292.0 3266.0 7020.590000000004 
0.0 711.0 224.0 2106.0 4496.870000000003 
0.0 632.0 259.0 2449.0 5445.200000000009 
0.0 460.0 303.0 3322.0 7195.160000000003 
0.0 691.0 223.0 2173.0 4868.070000000005 
0.0 849.0 157.0 1475.0 3113.5900000000015 
0.0 862.0 151.0 1425.0 2962.800000000002 
0.0 531.0 273.0 2956.0 6386.480000000006 
0.0 168.0 448.0 4968.0 10105.620000000006 
0.0 328.0 399.0 3975.0 8434.600000000002 
0.0 400.0 384.0 3590.0 7811.190000000003 
0.0 390.0 382.0 3642.0 7911.5300000000025 
0.0 104.0 523.0 5301.0 10731.840000000004 
0.0 460.0 334.0 3284.0 7180.120000000007 
0.0 165.0 495.0 4907.0 10086.440000000006 
0.0 645.0 249.0 2422.0 5091.270000000005 
0.0 226.0 471.0 4546.0 9405.380000000008 
0.0 262.0 448.0 4345.0 9002.870000000004 
0.0 419.0 372.0 3508.0 7412.810000000005 
0.0 668.0 239.0 2320.0 4850.780000000003 
0.0 231.0 429.0 4540.0 9428.220000000005 
0.0 345.0 388.0 3886.0 8278.780000000002 
0.0 439.0 355.0 3389.0 7410.500000000005 
0.0 299.0 404.0 4144.0 8696.350000000002 
0.0 902.0 88.0 1233.0 2808.3800000000015 
0.0 545.0 246.0 2926.0 6243.420000000005 
0.0 756.0 148.0 1912.0 4268.6500000000015 
0.0 936.0 106.0 1045.0 2489.959999999999 
0.0 916.0 114.0 1134.0 2669.9900000000007 
0.0 707.0 179.0 2126.0 4725.030000000005 
0.0 745.0 167.0 1943.0 4317.370000000003 
0.0 936.0 75.0 1076.0 2513.5000000000005 
0.0 1025.0 49.0 671.0 1576.5800000000006 
0.0 1023.0 50.0 679.0 1598.760000000001 
0.0 1153.0 11.0 123.0 231.79000000000005 
0.0 1025.0 44.0 681.0 1569.2700000000004 
0.0 748.0 147.0 1961.0 4321.880000000003 
0.0 819.0 129.0 1604.0 3651.9300000000007 
0.0 995.0 78.0 789.0 1892.8000000000002 
0.0 1106.0 35.0 315.0 695.3499999999999 
0.0 1019.0 59.0 690.0 1634.6300000000003 
0.0 1051.0 51.0 557.0 1318.1399999999999 
0.0 1078.0 41.0 445.0 1033.0199999999998 
0.0 969.0 73.0 913.0 2153.0 
0.0 1087.0 40.0 394.0 941.4300000000001 
0.0 631.0 248.0 2451.0 5512.170000000009 
0.0 785.0 195.0 1795.0 3674.250000000002 
0.0 104.0 530.0 5295.0 10736.580000000002 
0.0 322.0 415.0 4030.0 8307.040000000003 
0.0 283.0 440.0 4232.0 8756.740000000003 
0.0 99.0 536.0 5347.0 10695.800000000007 
0.0 188.0 489.0 4796.0 9691.680000000006 
0.0 199.0 486.0 4733.0 9565.00000000001 
0.0 158.0 505.0 4983.0 10006.470000000005 
0.0 81.0 547.0 5457.0 10951.770000000008 
0.0 174.0 497.0 4868.0 9883.680000000008 
0.0 103.0 535.0 5311.0 10680.790000000005 
0.0 346.0 402.0 3902.0 8064.370000000004 
0.0 441.0 356.0 3441.0 7024.560000000009 
0.0 338.0 405.0 3939.0 8167.3300000000045 
0.0 344.0 402.0 3908.0 8102.700000000004 
0.0 281.0 437.0 4227.0 8877.580000000002 
0.0 173.0 491.0 4858.0 10017.10000000001 
0.0 204.0 474.0 4672.0 9675.640000000005 
0.0 383.0 384.0 3720.0 7658.510000000005 
0.0 288.0 432.0 4191.0 8783.610000000002 
0.0 803.0 185.0 1719.0 3489.980000000002 
0.0 554.0 271.0 2825.0 6251.120000000005 
0.0 346.0 366.0 3905.0 8267.210000000001 
0.0 667.0 220.0 2291.0 5102.100000000004 
0.0 635.0 224.0 2447.0 5447.95000000001 
0.0 540.0 249.0 2950.0 6291.270000000005 
0.0 615.0 216.0 2568.0 5633.670000000007 
0.0 952.0 102.0 973.0 2306.6599999999985 
0.0 791.0 131.0 1754.0 3898.9200000000014 
0.0 946.0 79.0 1019.0 2386.3599999999997 
0.0 1035.0 44.0 632.0 1480.2500000000002 
0.0 1051.0 43.0 559.0 1314.48 
0.0 1104.0 31.0 319.0 768.94 
0.0 1009.0 58.0 737.0 1749.1300000000008 
0.0 1062.0 53.0 529.0 1177.8500000000006 
0.0 739.0 199.0 1948.0 4456.820000000002 
0.0 619.0 248.0 2511.0 5597.45000000001 
0.0 850.0 148.0 1437.0 3264.420000000001 
0.0 914.0 118.0 1153.0 2596.000000000001 
0.0 316.0 375.0 4074.0 8617.77 
0.0 552.0 297.0 2874.0 5971.920000000008 
0.0 573.0 284.0 2783.0 5732.730000000008 
0.0 209.0 463.0 4642.0 9688.450000000006 
0.0 161.0 499.0 4931.0 10130.050000000005 
0.0 143.0 508.0 5042.0 10335.850000000008 
0.0 544.0 297.0 2864.0 6315.630000000007 
0.0 921.0 122.0 1174.0 2384.7700000000013 
0.0 600.0 267.0 2596.0 5816.470000000007 
0.0 454.0 319.0 3328.0 7275.750000000004 
0.0 502.0 307.0 3074.0 6759.800000000007 
0.0 755.0 187.0 1876.0 4296.700000000004 
0.0 925.0 111.0 1116.0 2440.1800000000003 
0.0 739.0 186.0 1954.0 4415.890000000003 
0.0 644.0 193.0 2447.0 5327.6400000000085 
0.0 921.0 114.0 1127.0 2502.890000000001 
0.0 877.0 138.0 1314.0 2999.9600000000014 
0.0 949.0 103.0 1012.0 2198.5800000000004 
0.0 840.0 155.0 1474.0 3430.200000000001 
0.0 344.0 380.0 3898.0 8304.760000000002 
0.0 291.0 391.0 4207.0 8891.660000000003 
0.0 791.0 191.0 1743.0 3674.1100000000015 
0.0 377.0 385.0 3711.0 8019.000000000004 
0.0 599.0 275.0 2653.0 5493.700000000008 
0.0 211.0 462.0 4630.0 9672.750000000007 
0.0 244.0 455.0 4433.0 9319.140000000009 
0.0 132.0 478.0 5184.0 10503.420000000007 
0.0 333.0 408.0 3980.0 8166.280000000004 
0.0 298.0 429.0 4147.0 8610.960000000005 
0.0 381.0 388.0 3736.0 7661.640000000005 
0.0 427.0 361.0 3456.0 7422.810000000006 
0.0 260.0 452.0 4341.0 9152.630000000008 
0.0 227.0 462.0 4534.0 9483.590000000011 
0.0 259.0 451.0 4346.0 9174.150000000007 
0.0 407.0 375.0 3596.0 7421.450000000006 
0.0 183.0 473.0 4801.0 9967.040000000008 
0.0 184.0 472.0 4795.0 9970.42000000001 
0.0 250.0 455.0 4397.0 9276.810000000005 
0.0 339.0 408.0 3915.0 8286.859999999999 
0.0 691.0 225.0 2226.0 4591.120000000003 
0.0 514.0 314.0 3018.0 6526.510000000007 
0.0 107.0 530.0 5274.0 10707.470000000005 
0.0 421.0 361.0 3543.0 7224.820000000008 
0.0 159.0 505.0 4942.0 10173.980000000005 
0.0 179.0 485.0 4822.0 9968.11000000001 
0.0 387.0 383.0 3676.0 7711.930000000005 
0.0 259.0 452.0 4352.0 9099.330000000009 
0.0 492.0 327.0 3136.0 6697.280000000006 
0.0 794.0 189.0 1724.0 3659.950000000002 
0.0 817.0 176.0 1630.0 3406.240000000001 
0.0 632.0 236.0 2454.0 5438.120000000011 
0.0 774.0 181.0 1784.0 4100.210000000003 
0.0 840.0 153.0 1478.0 3397.280000000001 
0.0 710.0 202.0 2087.0 4693.660000000004 
0.0 809.0 169.0 1620.0 3706.8800000000024 
0.0 821.0 166.0 1568.0 3554.5800000000017 
0.0 898.0 127.0 1225.0 2753.9500000000007 
0.0 515.0 299.0 3009.0 6641.450000000006 
0.0 751.0 214.0 1933.0 4066.760000000003 
0.0 268.0 443.0 4295.0 9093.330000000005 
0.0 242.0 451.0 4447.0 9333.63000000001 
0.0 690.0 222.0 2179.0 4864.270000000004 
0.0 775.0 189.0 1788.0 3958.740000000002 
0.0 697.0 221.0 2141.0 4875.440000000006 
0.0 788.0 185.0 1732.0 3802.9800000000023 
0.0 745.0 211.0 1923.0 4301.790000000002 
0.0 197.0 461.0 4718.0 9824.660000000003 
0.0 572.0 290.0 2772.0 5791.410000000009 
0.0 246.0 400.0 4494.0 9379.030000000002 
0.0 360.0 395.0 3799.0 8187.950000000003 
0.0 425.0 363.0 3461.0 7559.710000000004 
0.0 423.0 365.0 3471.0 7588.070000000003 
0.0 667.0 242.0 2349.0 4792.670000000002 
0.0 149.0 489.0 5019.0 10240.670000000004 
0.0 424.0 365.0 3466.0 7584.380000000004 
0.0 394.0 373.0 3624.0 7827.120000000005 
0.0 375.0 382.0 3723.0 8012.870000000004 
0.0 407.0 371.0 3554.0 7748.190000000004 
0.0 150.0 473.0 5034.0 10296.200000000006 
0.0 438.0 357.0 3450.0 7071.570000000008 
0.0 234.0 461.0 4533.0 9182.430000000006 
0.0 186.0 493.0 4813.0 9698.350000000008 
0.0 224.0 471.0 4597.0 9269.030000000008 
0.0 269.0 448.0 4356.0 8757.260000000002 
0.0 271.0 447.0 4346.0 8733.850000000004 
0.0 266.0 447.0 4372.0 8791.310000000003 
0.0 198.0 484.0 4746.0 9557.040000000006 
0.0 244.0 461.0 4495.0 9026.470000000005 
0.0 378.0 388.0 3777.0 7623.450000000004 
0.0 372.0 387.0 3806.0 7689.480000000004 
0.0 358.0 394.0 3865.0 7866.450000000006 
0.0 223.0 471.0 4561.0 9450.720000000008 
0.0 93.0 532.0 5372.0 10860.340000000004 
0.0 498.0 328.0 3094.0 6712.770000000007 
0.0 530.0 304.0 2944.0 6342.2600000000075 
0.0 191.0 440.0 4803.0 9841.540000000005 
0.0 213.0 436.0 4652.0 9603.990000000003 
0.0 266.0 435.0 4312.0 9075.560000000009 
0.0 354.0 401.0 3830.0 8242.400000000001 
0.0 366.0 396.0 3768.0 8119.480000000004 
0.0 181.0 468.0 4818.0 9975.920000000006 
0.0 148.0 481.0 5034.0 10313.560000000005 
0.0 323.0 418.0 4010.0 8364.58 
0.0 369.0 393.0 3795.0 7790.250000000005 
0.0 471.0 343.0 3288.0 6731.550000000008 
0.0 487.0 332.0 3214.0 6558.920000000007 
0.0 275.0 439.0 4261.0 8941.440000000004 
0.0 133.0 480.0 5160.0 10489.030000000008 
0.0 571.0 286.0 2796.0 5743.090000000009 
0.0 196.0 470.0 4720.0 9821.210000000006 
0.0 583.0 278.0 2696.0 5776.410000000008 
0.0 558.0 292.0 2809.0 6058.5500000000075 
0.0 193.0 473.0 4738.0 9838.760000000006 
0.0 141.0 512.0 5053.0 10375.210000000006 
0.0 477.0 336.0 3238.0 6734.750000000008 
0.0 498.0 323.0 3139.0 6505.710000000008 
0.0 466.0 338.0 3293.0 6848.630000000008 
0.0 276.0 440.0 4249.0 9012.500000000004 
0.0 391.0 383.0 3672.0 7602.510000000005 
0.0 133.0 488.0 5137.0 10443.950000000003 
0.0 190.0 469.0 4758.0 9909.600000000008 
0.0 301.0 428.0 4110.0 8760.010000000002 
0.0 208.0 462.0 4648.0 9716.480000000007 
0.0 886.0 132.0 1296.0 2792.2300000000014 
0.0 186.0 438.0 4849.0 9901.850000000002 
0.0 313.0 424.0 4045.0 8653.110000000002 
0.0 307.0 424.0 4078.0 8706.340000000002 
0.0 598.0 268.0 2612.0 5722.160000000008 
0.0 325.0 383.0 4009.0 8469.480000000001 
0.0 491.0 313.0 3129.0 6880.060000000007 
0.0 335.0 357.0 3988.0 8438.86 
0.0 402.0 337.0 3612.0 7722.780000000003 
0.0 1091.0 43.0 377.0 885.7300000000001 
0.0 1123.0 20.0 240.0 590.6700000000002 
0.0 1037.0 37.0 638.0 1457.3000000000002 
0.0 1118.0 18.0 267.0 644.95 
0.0 1096.0 27.0 361.0 867.6600000000001 
0.0 1155.0 8.0 104.0 233.70000000000007 
0.0 1014.0 51.0 722.0 1694.8600000000006 
0.0 941.0 81.0 1042.0 2423.39 
0.0 1113.0 20.0 288.0 701.85 
0.0 949.0 80.0 1003.0 2361.7799999999997 
0.0 224.0 422.0 4603.0 9502.630000000006 
0.0 730.0 217.0 2012.0 4349.1600000000035 
0.0 602.0 265.0 2587.0 5783.800000000007 
0.0 437.0 325.0 3420.0 7407.890000000004 
0.0 177.0 443.0 4906.0 10002.680000000002 
0.0 279.0 411.0 4257.0 8949.600000000004 
0.0 524.0 299.0 2964.0 6519.670000000008 
0.0 647.0 247.0 2415.0 5062.960000000004 
0.0 504.0 316.0 3064.0 6672.040000000007 
0.0 435.0 355.0 3410.0 7448.200000000005 
0.0 532.0 308.0 2924.0 6395.700000000007 
0.0 271.0 432.0 4284.0 9042.070000000007 
0.0 489.0 333.0 3201.0 6545.500000000006 
0.0 327.0 415.0 3984.0 8355.4 
0.0 275.0 437.0 4257.0 8991.000000000005 
0.0 120.0 504.0 5209.0 10544.820000000003 
0.0 271.0 448.0 4304.0 8861.570000000002 
0.0 231.0 464.0 4515.0 9368.64000000001 
0.0 218.0 474.0 4589.0 9521.980000000009 
0.0 270.0 443.0 4303.0 8904.770000000006 
0.0 361.0 395.0 3835.0 7875.570000000004 
0.0 425.0 363.0 3527.0 7171.630000000008 
0.0 122.0 524.0 5175.0 10549.880000000003 
0.0 252.0 456.0 4404.0 9092.390000000009 
0.0 103.0 537.0 5318.0 10655.680000000008 
0.0 211.0 479.0 4675.0 9402.320000000007 
0.0 186.0 492.0 4818.0 9686.510000000007 
0.0 196.0 487.0 4764.0 9564.310000000009 
0.0 129.0 524.0 5168.0 10320.550000000005 
0.0 117.0 529.0 5242.0 10462.180000000006 
0.0 269.0 444.0 4353.0 8766.270000000002 
0.0 564.0 286.0 2838.0 5790.300000000008 
0.0 339.0 390.0 3918.0 8343.210000000001 
0.0 530.0 298.0 2934.0 6451.610000000009 
0.0 201.0 447.0 4714.0 9725.52 
0.0 719.0 214.0 2077.0 4390.510000000001 
0.0 319.0 416.0 4019.0 8512.25 
0.0 286.0 433.0 4194.0 8890.310000000003 
0.0 301.0 428.0 4112.0 8722.34 
0.0 570.0 287.0 2778.0 5824.660000000008 
0.0 308.0 358.0 4172.0 8650.880000000001 
0.0 351.0 347.0 3907.0 8261.03 
0.0 645.0 241.0 2404.0 5180.830000000007 
0.0 492.0 312.0 3124.0 6875.030000000006 
0.0 617.0 255.0 2523.0 5547.0100000000075 
0.0 425.0 310.0 3522.0 7491.840000000003 
0.0 340.0 347.0 3981.0 8346.660000000002 
0.0 431.0 340.0 3438.0 7465.110000000006 
0.0 1021.0 69.0 676.0 1619.34 
0.0 1063.0 58.0 520.0 1130.8000000000002 
0.0 730.0 177.0 2008.0 4504.670000000005 
0.0 884.0 130.0 1276.0 3007.1500000000015 
0.0 862.0 141.0 1375.0 3233.340000000001 
0.0 320.0 356.0 4094.0 8528.740000000002 
0.0 506.0 304.0 3054.0 6728.430000000006 
0.0 759.0 204.0 1910.0 3948.2000000000025 
0.0 661.0 246.0 2322.0 5069.600000000007 
0.0 462.0 301.0 3314.0 7166.560000000003 
0.0 673.0 217.0 2262.0 5112.690000000009 
0.0 727.0 202.0 2004.0 4558.110000000003 
0.0 545.0 268.0 2882.0 6269.080000000005 
0.0 577.0 263.0 2713.0 6026.640000000006 
0.0 940.0 113.0 1033.0 2366.0800000000004 
0.0 828.0 129.0 1555.0 3560.7200000000016 
0.0 726.0 158.0 2060.0 4522.110000000004 
0.0 888.0 104.0 1279.0 2916.180000000002 
0.0 1068.0 53.0 487.0 1076.5800000000002 
0.0 853.0 117.0 1440.0 3303.4700000000016 
0.0 957.0 96.0 952.0 2268.1799999999985 
0.0 888.0 103.0 1280.0 2921.400000000002 
0.0 976.0 91.0 869.0 2050.8699999999994 
0.0 625.0 211.0 2519.0 5523.960000000008 
0.0 630.0 209.0 2494.0 5485.490000000008 
0.0 641.0 206.0 2439.0 5351.90000000001 
0.0 827.0 158.0 1533.0 3576.0400000000013 
0.0 120.0 495.0 5229.0 10578.640000000007 
0.0 155.0 494.0 4972.0 10183.120000000006 
0.0 131.0 495.0 5139.0 10452.170000000004 
0.0 187.0 478.0 4774.0 9894.730000000007 
0.0 364.0 393.0 3822.0 7837.460000000004 
0.0 152.0 501.0 4987.0 10234.100000000004 
0.0 1105.0 36.0 314.0 733.36 
0.0 1002.0 71.0 761.0 1803.5500000000002 
0.0 962.0 76.0 944.0 2212.6899999999996 
0.0 716.0 173.0 2085.0 4660.550000000005 
0.0 937.0 112.0 1039.0 2471.4299999999994 
0.0 870.0 123.0 1349.0 3122.950000000001 
0.0 846.0 129.0 1463.0 3340.0300000000016 
0.0 912.0 108.0 1156.0 2702.6000000000013 
0.0 565.0 231.0 2836.0 6080.310000000007 
0.0 717.0 187.0 2063.0 4640.050000000005 
0.0 683.0 187.0 2243.0 4911.600000000006 
0.0 1058.0 48.0 528.0 1252.5799999999997 
0.0 830.0 146.0 1526.0 3526.7800000000016 
0.0 1020.0 65.0 687.0 1583.6499999999999 
0.0 438.0 301.0 3461.0 7373.680000000003 
0.0 387.0 325.0 3727.0 7882.740000000002 
0.0 1012.0 75.0 746.0 1599.87 
0.0 962.0 99.0 930.0 2184.2900000000004 
0.0 977.0 90.0 867.0 2020.5599999999993 
0.0 817.0 153.0 1586.0 3658.8900000000017 
0.0 705.0 203.0 2111.0 4751.330000000006 
0.0 817.0 163.0 1580.0 3667.4900000000016 
0.0 639.0 193.0 2477.0 5377.210000000008 
0.0 765.0 150.0 1860.0 4168.66 
0.0 786.0 146.0 1756.0 3951.490000000002 
0.0 881.0 124.0 1294.0 2995.1500000000015 
0.0 1067.0 46.0 497.0 1154.8099999999997 
0.0 987.0 65.0 837.0 1973.3900000000006 
0.0 1007.0 52.0 756.0 1758.660000000001 
0.0 559.0 268.0 2801.0 6224.580000000008 
0.0 731.0 216.0 2002.0 4358.100000000003 
0.0 766.0 203.0 1866.0 3907.5700000000015 
0.0 779.0 196.0 1818.0 3744.6700000000014 
0.0 395.0 332.0 3662.0 7809.420000000001 
0.0 269.0 393.0 4349.0 9118.19 
0.0 391.0 338.0 3676.0 7845.030000000002 
0.0 555.0 298.0 2818.0 6120.640000000009 
0.0 715.0 211.0 2103.0 4404.110000000001 
0.0 280.0 384.0 4292.0 9011.070000000002 
0.0 526.0 296.0 2954.0 6517.470000000008 
0.0 803.0 180.0 1678.0 3589.3700000000017 
0.0 302.0 426.0 4105.0 8737.220000000001 
0.0 418.0 368.0 3535.0 7329.180000000007 
0.0 348.0 397.0 3873.0 8149.860000000004 
0.0 242.0 455.0 4445.0 9335.64000000001 
0.0 511.0 320.0 3100.0 6305.840000000007 
0.0 237.0 435.0 4489.0 9442.10000000001 
0.0 404.0 376.0 3587.0 7549.2900000000045 
0.0 383.0 385.0 3694.0 7768.060000000005 
0.0 120.0 505.0 5207.0 10547.760000000004 
0.0 217.0 462.0 4594.0 9592.990000000009 
0.0 401.0 376.0 3639.0 7442.070000000007 
0.0 318.0 420.0 4046.0 8368.94 
0.0 291.0 433.0 4186.0 8679.830000000002 
0.0 84.0 541.0 5435.0 10931.460000000005 
0.0 252.0 455.0 4414.0 9046.560000000005 
0.0 126.0 520.0 5160.0 10435.630000000005 
0.0 78.0 549.0 5485.0 10956.02000000001 
0.0 421.0 303.0 3562.0 7548.270000000003 
0.0 605.0 257.0 2580.0 5662.000000000008 
0.0 142.0 476.0 5091.0 10389.880000000006 
0.0 139.0 477.0 5115.0 10417.350000000006 
0.0 819.0 168.0 1588.0 3510.670000000002 
0.0 596.0 269.0 2615.0 5863.3000000000075 
0.0 674.0 236.0 2253.0 5023.580000000005 
0.0 800.0 183.0 1694.0 3610.220000000002 
0.0 390.0 332.0 3693.0 7862.7699999999995 
0.0 456.0 325.0 3310.0 7242.430000000005 
0.0 545.0 292.0 2860.0 6314.160000000006 
0.0 616.0 258.0 2521.0 5656.190000000008 
0.0 618.0 260.0 2511.0 5644.210000000006 
0.0 328.0 348.0 4062.0 8447.710000000001 
0.0 490.0 313.0 3134.0 6894.460000000006 
0.0 775.0 198.0 1862.0 3734.730000000002 
0.0 453.0 341.0 3319.0 7242.170000000006 
0.0 473.0 322.0 3219.0 7086.070000000007 
0.0 674.0 237.0 2311.0 4739.820000000004 
0.0 583.0 277.0 2679.0 5908.570000000009 
0.0 706.0 215.0 2146.0 4482.680000000001 
0.0 349.0 372.0 3878.0 8260.320000000002 
0.0 563.0 290.0 2772.0 6127.830000000008 
0.0 765.0 208.0 1895.0 3856.2000000000016 
0.0 321.0 416.0 4004.0 8557.25 
0.0 410.0 369.0 3541.0 7648.0800000000045 
0.0 541.0 297.0 2889.0 6240.200000000008 
0.0 599.0 270.0 2620.0 5618.270000000008 
0.0 208.0 449.0 4661.0 9676.270000000004 
0.0 295.0 412.0 4160.0 8741.500000000002 
0.0 438.0 357.0 3396.0 7369.490000000004 
0.0 233.0 448.0 4503.0 9436.540000000008 
0.0 423.0 365.0 3473.0 7530.750000000004 
0.0 95.0 530.0 5358.0 10848.340000000004 
0.0 438.0 357.0 3402.0 7284.500000000007 
0.0 493.0 333.0 3127.0 6705.600000000007 
0.0 260.0 431.0 4351.0 9168.69000000001 
0.0 535.0 305.0 2952.0 6155.740000000009 
0.0 245.0 414.0 4472.0 9320.710000000005 
0.0 329.0 400.0 3968.0 8433.690000000002 
0.0 227.0 435.0 4556.0 9474.210000000006 
0.0 678.0 240.0 2246.0 4878.920000000004 
0.0 292.0 372.0 4242.0 8848.489999999998 
0.0 749.0 206.0 1899.0 4327.670000000002 
0.0 592.0 240.0 2658.0 5860.950000000008 
0.0 775.0 185.0 1777.0 4094.190000000003 
0.0 385.0 372.0 3673.0 7918.010000000004 
0.0 225.0 416.0 4608.0 9532.890000000007 
0.0 360.0 377.0 3808.0 8167.830000000003 
0.0 667.0 233.0 2315.0 4901.060000000004 
0.0 256.0 451.0 4363.0 9223.650000000009 
0.0 330.0 412.0 3956.0 8467.409999999998 
0.0 428.0 363.0 3458.0 7348.440000000006 
0.0 221.0 412.0 4650.0 9633.430000000002 
0.0 862.0 149.0 1424.0 2966.710000000002 
0.0 368.0 375.0 3765.0 8091.7000000000035 
0.0 369.0 374.0 3760.0 8085.930000000003 
0.0 367.0 376.0 3770.0 8097.550000000004 
0.0 455.0 339.0 3309.0 7224.080000000007 
0.0 395.0 367.0 3621.0 7827.070000000003 
0.0 618.0 259.0 2525.0 5471.290000000009 
0.0 774.0 205.0 1832.0 3816.6200000000017 
0.0 669.0 234.0 2278.0 5058.8400000000065 
0.0 469.0 323.0 3240.0 7119.760000000007 
0.0 733.0 200.0 1975.0 4510.140000000002 
0.0 810.0 169.0 1616.0 3690.740000000002 
0.0 737.0 211.0 1956.0 4460.560000000004 
0.0 368.0 344.0 3807.0 8090.720000000001 
0.0 566.0 287.0 2757.0 6126.690000000007 
0.0 459.0 305.0 3325.0 7147.270000000003 
0.0 458.0 305.0 3331.0 7157.440000000004 
0.0 564.0 285.0 2768.0 6117.1700000000055 
0.0 899.0 125.0 1252.0 2627.680000000001 
0.0 898.0 126.0 1256.0 2637.230000000001 
0.0 720.0 210.0 2060.0 4443.7300000000005 
0.0 483.0 316.0 3169.0 6972.100000000006 
0.0 438.0 350.0 3396.0 7406.450000000005 
0.0 420.0 353.0 3491.0 7588.2100000000055 
0.0 569.0 284.0 2748.0 6015.990000000009 
0.0 506.0 306.0 3054.0 6707.420000000006 
0.0 659.0 238.0 2352.0 4979.670000000004 
0.0 618.0 261.0 2526.0 5460.960000000008 
0.0 588.0 273.0 2661.0 5798.250000000008 
0.0 410.0 354.0 3545.0 7718.650000000003 
0.0 535.0 296.0 2909.0 6407.200000000007 
0.0 322.0 386.0 4024.0 8489.310000000001 
0.0 293.0 393.0 4192.0 8842.700000000004 
0.0 486.0 336.0 3159.0 6795.080000000007 
0.0 441.0 358.0 3386.0 7256.070000000007 
0.0 451.0 349.0 3337.0 7142.280000000007 
0.0 327.0 413.0 3980.0 8394.5 
0.0 403.0 376.0 3604.0 7508.260000000005 
0.0 266.0 440.0 4309.0 9094.700000000006 
0.0 438.0 357.0 3431.0 7136.860000000006 
0.0 393.0 383.0 3637.0 7702.600000000004 
0.0 228.0 462.0 4528.0 9474.07000000001 
0.0 380.0 387.0 3695.0 7970.330000000004 
0.0 485.0 319.0 3159.0 6915.120000000007 
0.0 358.0 385.0 3815.0 8163.1200000000035 
0.0 250.0 399.0 4469.0 9323.220000000005 
0.0 234.0 407.0 4565.0 9467.93 
0.0 662.0 240.0 2304.0 5228.810000000008 
0.0 441.0 308.0 3427.0 7383.600000000001 
0.0 534.0 266.0 2952.0 6341.910000000005 
0.0 374.0 338.0 3780.0 8049.820000000001 
0.0 589.0 265.0 2652.0 5886.070000000007 
0.0 801.0 186.0 1665.0 3713.550000000002 
0.0 584.0 218.0 2748.0 5921.430000000007 
0.0 761.0 153.0 1877.0 4192.750000000001 
0.0 671.0 181.0 2319.0 5057.500000000007 
0.0 859.0 153.0 1410.0 3091.9300000000017 
0.0 712.0 197.0 2080.0 4682.480000000006 
0.0 618.0 222.0 2541.0 5586.560000000009 
0.0 849.0 147.0 1438.0 3303.490000000001 
0.0 814.0 167.0 1596.0 3669.150000000002 
0.0 895.0 127.0 1242.0 2769.870000000001 
0.0 859.0 141.0 1392.0 3212.320000000001 
0.0 876.0 138.0 1318.0 3014.5700000000015 
0.0 853.0 147.0 1419.0 3269.470000000001 
0.0 603.0 218.0 2634.0 5716.780000000009 
0.0 586.0 221.0 2730.0 5877.630000000007 
0.0 1039.0 62.0 602.0 1431.9099999999999 
0.0 830.0 132.0 1540.0 3541.210000000002 
0.0 745.0 165.0 1945.0 4322.120000000003 
0.0 985.0 90.0 846.0 1878.8099999999993 
0.0 827.0 161.0 1532.0 3616.1200000000013 
0.0 791.0 171.0 1704.0 3943.500000000002 
0.0 883.0 130.0 1282.0 2983.3700000000017 
0.0 713.0 168.0 2110.0 4684.070000000005 
0.0 913.0 109.0 1151.0 2680.570000000001 
0.0 769.0 137.0 1868.0 4139.510000000001 
0.0 1011.0 85.0 834.0 1565.7700000000004 
0.0 954.0 103.0 970.0 2228.28 
0.0 848.0 143.0 1439.0 3369.260000000001 
0.0 971.0 94.0 893.0 2078.58 
0.0 864.0 140.0 1366.0 3204.760000000001 
0.0 1058.0 59.0 537.0 1153.9300000000003 
0.0 893.0 111.0 1247.0 2849.4000000000015 
0.0 841.0 130.0 1487.0 3399.4100000000017 
0.0 768.0 148.0 1847.0 4167.759999999999 
0.0 829.0 128.0 1551.0 3551.9100000000017 
0.0 676.0 174.0 2310.0 4980.410000000007 
0.0 1054.0 58.0 561.0 1228.2200000000003 
0.0 815.0 127.0 1626.0 3693.3300000000013 
0.0 883.0 114.0 1294.0 2952.7000000000016 
0.0 1011.0 70.0 729.0 1659.3899999999999 
0.0 1022.0 64.0 682.0 1547.2100000000003 
0.0 819.0 131.0 1601.0 3650.6100000000015 
0.0 1033.0 59.0 627.0 1483.18 
0.0 895.0 109.0 1239.0 2828.8400000000015 
0.0 148.0 478.0 5039.0 10315.920000000006 
0.0 449.0 345.0 3339.0 7281.390000000006 
0.0 448.0 346.0 3344.0 7292.5000000000055 
0.0 709.0 224.0 2108.0 4551.860000000002 
0.0 180.0 448.0 4867.0 9948.810000000003 
0.0 348.0 402.0 3862.0 8298.75 
0.0 351.0 402.0 3846.0 8278.36 
0.0 547.0 299.0 2900.0 6016.000000000008 
0.0 528.0 310.0 2984.0 6231.140000000007 
0.0 335.0 390.0 3942.0 8366.610000000002 
0.0 315.0 394.0 4058.0 8539.830000000004 
0.0 604.0 265.0 2577.0 5773.060000000006 
0.0 639.0 251.0 2412.0 5460.600000000008 
0.0 431.0 331.0 3447.0 7467.360000000003 
0.0 507.0 303.0 3049.0 6721.580000000006 
0.0 437.0 319.0 3430.0 7406.580000000002 
0.0 562.0 289.0 2776.0 6174.0000000000055 
0.0 653.0 244.0 2356.0 5183.6400000000085 
0.0 720.0 217.0 2082.0 4349.9400000000005 
0.0 604.0 262.0 2585.0 5660.870000000007 
0.0 223.0 462.0 4558.0 9523.52000000001 
0.0 465.0 346.0 3271.0 6969.860000000006 
0.0 476.0 340.0 3218.0 6845.000000000006 
0.0 331.0 393.0 3963.0 8399.470000000003 
0.0 351.0 384.0 3854.0 8240.940000000004 
0.0 198.0 429.0 4780.0 9802.480000000001 
0.0 391.0 376.0 3639.0 7860.510000000005 
0.0 494.0 311.0 3114.0 6856.000000000006 
0.0 624.0 256.0 2504.0 5365.320000000009 
0.0 740.0 205.0 2000.0 4123.540000000002 
0.0 354.0 355.0 3874.0 8209.390000000001 
0.0 287.0 371.0 4280.0 8900.729999999998 
0.0 697.0 221.0 2144.0 4824.540000000003 
0.0 749.0 205.0 1911.0 4206.000000000003 
0.0 597.0 269.0 2610.0 5857.870000000007 
0.0 834.0 158.0 1516.0 3382.670000000002 
0.0 933.0 113.0 1130.0 2258.810000000001 
0.0 896.0 129.0 1243.0 2725.260000000001 
0.0 775.0 190.0 1776.0 4073.9000000000024 
0.0 683.0 227.0 2206.0 5029.250000000006 
0.0 767.0 196.0 1822.0 4057.4000000000024 
0.0 887.0 131.0 1298.0 2763.1400000000012 
0.0 713.0 209.0 2081.0 4591.320000000003 
0.0 397.0 354.0 3617.0 7842.550000000002 
0.0 461.0 333.0 3279.0 7171.870000000007 
0.0 262.0 428.0 4342.0 9140.230000000009 
0.0 336.0 407.0 3925.0 8410.580000000002 
0.0 446.0 352.0 3357.0 7248.750000000007 
0.0 197.0 436.0 4767.0 9784.790000000003 
0.0 457.0 346.0 3316.0 7029.950000000006 
0.0 541.0 302.0 2946.0 6024.950000000008 
0.0 297.0 430.0 4153.0 8618.780000000002 
0.0 271.0 443.0 4333.0 8767.800000000001 
0.0 151.0 510.0 5004.0 10152.150000000003 
0.0 247.0 454.0 4452.0 9065.090000000004 
0.0 301.0 425.0 4181.0 8422.600000000002 
0.0 160.0 504.0 4937.0 10132.660000000005 
0.0 350.0 396.0 3918.0 7921.7100000000055 
0.0 213.0 474.0 4618.0 9576.63000000001 
0.0 100.0 522.0 5333.0 10781.650000000005 
0.0 861.0 150.0 1451.0 2930.510000000001 
0.0 579.0 278.0 2696.0 5989.040000000007 
0.0 622.0 251.0 2503.0 5468.470000000007 
0.0 183.0 491.0 4798.0 9877.210000000006 
0.0 210.0 475.0 4638.0 9582.500000000005 
0.0 338.0 409.0 3923.0 8269.99 
0.0 363.0 393.0 3797.0 7978.360000000003 
0.0 270.0 443.0 4285.0 9045.350000000004 
0.0 447.0 351.0 3401.0 6992.220000000009 
0.0 287.0 434.0 4218.0 8683.410000000002 
0.0 159.0 506.0 4965.0 10028.130000000006 
0.0 374.0 387.0 3795.0 7670.650000000005 
0.0 297.0 430.0 4170.0 8550.279999999999 
0.0 301.0 426.0 4149.0 8507.390000000001 
0.0 62.0 556.0 5602.0 11153.870000000008 
0.0 347.0 400.0 3926.0 7969.270000000005 
0.0 427.0 360.0 3528.0 7126.980000000008 
0.0 138.0 516.0 5095.0 10259.980000000001 
0.0 167.0 498.0 4922.0 9925.480000000009 
0.0 97.0 537.0 5350.0 10753.860000000004 
0.0 374.0 385.0 3795.0 7671.230000000005 
0.0 189.0 490.0 4778.0 9720.890000000005 
0.0 133.0 521.0 5106.0 10423.310000000003 
0.0 278.0 436.0 4296.0 8691.480000000001 
0.0 268.0 444.0 4347.0 8805.58 
0.0 115.0 526.0 5236.0 10535.850000000002 
0.0 62.0 555.0 5598.0 11178.400000000009 
0.0 201.0 481.0 4736.0 9506.540000000006 
0.0 230.0 465.0 4575.0 9177.880000000005 
0.0 100.0 539.0 5345.0 10673.940000000008 
0.0 58.0 561.0 5642.0 11198.520000000008 
0.0 57.0 561.0 5648.0 11213.480000000009 
0.0 463.0 340.0 3308.0 6877.290000000009 
0.0 121.0 494.0 5223.0 10571.410000000005 
0.0 268.0 448.0 4297.0 9050.920000000006 
0.0 251.0 454.0 4392.0 9256.190000000006 
0.0 245.0 455.0 4427.0 9311.010000000007 
0.0 520.0 313.0 3025.0 6303.640000000008 
0.0 405.0 377.0 3584.0 7527.350000000005 
0.0 222.0 435.0 4591.0 9511.690000000006 
0.0 502.0 323.0 3085.0 6602.550000000006 
0.0 531.0 308.0 2943.0 6308.390000000006 
0.0 592.0 278.0 2692.0 5545.870000000008 
0.0 370.0 368.0 3759.0 8085.950000000001 
0.0 403.0 353.0 3584.0 7792.070000000002 
0.0 539.0 296.0 2889.0 6365.200000000007 
0.0 209.0 454.0 4647.0 9710.090000000006 
0.0 412.0 366.0 3585.0 7328.410000000006 
0.0 134.0 509.0 5104.0 10401.210000000003 
0.0 240.0 457.0 4459.0 9319.340000000007 
0.0 371.0 389.0 3777.0 7797.220000000006 
0.0 272.0 445.0 4283.0 8929.990000000003 
0.0 218.0 469.0 4594.0 9480.820000000007 
0.0 304.0 423.0 4115.0 8549.119999999999 
0.0 407.0 372.0 3630.0 7326.380000000006 
0.0 320.0 412.0 4048.0 8306.920000000002 
0.0 245.0 458.0 4453.0 9123.330000000007 
0.0 102.0 520.0 5321.0 10754.420000000007 
0.0 400.0 374.0 3642.0 7458.950000000007 
0.0 108.0 511.0 5291.0 10677.390000000005 
0.0 103.0 513.0 5328.0 10737.230000000005 
0.0 175.0 489.0 4846.0 10000.03000000001 
0.0 284.0 436.0 4210.0 8847.86 
0.0 193.0 472.0 4738.0 9859.25000000001 
0.0 357.0 399.0 3817.0 8162.050000000004 
0.0 306.0 425.0 4083.0 8721.320000000003 
0.0 532.0 303.0 2929.0 6351.990000000006 
0.0 433.0 356.0 3423.0 7402.790000000005 
0.0 371.0 398.0 3740.0 8115.160000000003 
0.0 536.0 301.0 2923.0 6240.040000000007 
0.0 494.0 326.0 3129.0 6661.8400000000065 
0.0 390.0 378.0 3646.0 7823.520000000004 
0.0 771.0 191.0 1807.0 3995.820000000002 
0.0 204.0 422.0 4754.0 9765.88 
0.0 275.0 390.0 4314.0 9042.580000000004 
0.0 767.0 203.0 1860.0 3900.8600000000015 
0.0 660.0 248.0 2319.0 5152.700000000007 
0.0 795.0 187.0 1725.0 3633.5900000000024 
0.0 783.0 192.0 1777.0 3765.510000000002 
0.0 257.0 389.0 4442.0 9259.79 
0.0 872.0 136.0 1337.0 3056.0900000000015 
0.0 784.0 173.0 1738.0 4016.190000000003 
0.0 888.0 133.0 1266.0 2876.760000000002 
0.0 826.0 159.0 1537.0 3593.1400000000017 
0.0 751.0 177.0 1903.0 4273.030000000002 
0.0 778.0 171.0 1770.0 4102.680000000003 
0.0 710.0 183.0 2104.0 4713.240000000004 
0.0 848.0 127.0 1455.0 3319.740000000002 
0.0 844.0 127.0 1475.0 3372.6200000000017 
0.0 822.0 137.0 1576.0 3621.3500000000017 
0.0 850.0 133.0 1439.0 3299.5500000000015 
0.0 565.0 241.0 2816.0 6046.470000000007 
0.0 535.0 248.0 2982.0 6351.460000000004 
0.0 404.0 310.0 3654.0 7706.380000000003 
0.0 557.0 265.0 2816.0 6225.170000000006 
0.0 724.0 196.0 2021.0 4564.480000000003 
0.0 536.0 239.0 2994.0 6399.750000000004 
0.0 1158.0 5.0 88.0 223.48 
0.0 1141.0 10.0 163.0 404.18999999999994 
0.0 955.0 64.0 1002.0 2313.3499999999995 
0.0 930.0 74.0 1111.0 2560.1200000000003 
0.0 1012.0 61.0 721.0 1712.3000000000009 
0.0 1015.0 59.0 709.0 1670.6300000000003 
0.0 1060.0 48.0 521.0 1220.5099999999993 
0.0 509.0 283.0 3068.0 6613.500000000006 
0.0 952.0 93.0 978.0 2299.2199999999993 
0.0 910.0 95.0 1178.0 2722.920000000001 
0.0 878.0 106.0 1328.0 3032.760000000002 
0.0 820.0 122.0 1607.0 3637.660000000001 
0.0 920.0 84.0 1144.0 2651.540000000001 
0.0 887.0 89.0 1313.0 2964.450000000001 
0.0 901.0 84.0 1246.0 2842.7800000000007 
0.0 942.0 71.0 1054.0 2442.9500000000003 
0.0 958.0 67.0 979.0 2304.1599999999994 
0.0 899.0 89.0 1247.0 2843.5500000000015 
0.0 1040.0 61.0 598.0 1420.85 
0.0 1000.0 65.0 774.0 1826.3200000000006 
0.0 969.0 67.0 924.0 2158.0699999999993 
0.0 1066.0 50.0 525.0 1147.74 
0.0 559.0 249.0 2836.0 6101.700000000007 
0.0 1043.0 67.0 600.0 1316.5400000000004 
0.0 430.0 301.0 3511.0 7440.650000000004 
0.0 434.0 301.0 3486.0 7401.140000000004 
0.0 479.0 282.0 3251.0 6982.340000000005 
0.0 731.0 206.0 1983.0 4558.060000000003 
0.0 667.0 221.0 2290.0 5123.300000000008 
0.0 902.0 124.0 1211.0 2696.860000000001 
0.0 776.0 173.0 1778.0 4119.440000000003 
0.0 905.0 123.0 1200.0 2655.7500000000014 
0.0 396.0 318.0 3686.0 7786.760000000002 
0.0 837.0 168.0 1544.0 3192.150000000002 
0.0 751.0 207.0 1906.0 4160.280000000004 
0.0 570.0 254.0 2760.0 6053.440000000008 
0.0 532.0 272.0 2952.0 6374.290000000005 
0.0 637.0 220.0 2441.0 5419.420000000009 
0.0 959.0 99.0 950.0 2168.5600000000004 
0.0 679.0 200.0 2247.0 5021.430000000008 
0.0 1067.0 52.0 485.0 1122.8500000000004 
0.0 286.0 385.0 4249.0 8959.86 
0.0 709.0 222.0 2121.0 4489.860000000002 
0.0 408.0 353.0 3557.0 7705.930000000005 
0.0 777.0 201.0 1822.0 3775.8700000000017 
0.0 247.0 456.0 4415.0 9303.080000000007 
0.0 193.0 466.0 4740.0 9881.740000000007 
0.0 454.0 348.0 3346.0 6993.700000000007 
0.0 717.0 210.0 2103.0 4354.53 
0.0 581.0 282.0 2725.0 5716.740000000008 
0.0 555.0 294.0 2841.0 6008.630000000007 
0.0 559.0 297.0 2825.0 5954.210000000008 
0.0 205.0 446.0 4688.0 9684.870000000003 
0.0 243.0 428.0 4461.0 9333.270000000008 
0.0 499.0 323.0 3106.0 6605.720000000006 
0.0 486.0 332.0 3164.0 6766.000000000006 
0.0 488.0 333.0 3153.0 6751.350000000007 
0.0 229.0 409.0 4597.0 9546.700000000004 
0.0 467.0 285.0 3317.0 7113.690000000004 
0.0 782.0 193.0 1751.0 3915.2300000000023 
0.0 606.0 265.0 2568.0 5749.830000000006 
0.0 573.0 283.0 2724.0 6041.760000000006 
0.0 460.0 325.0 3288.0 7207.380000000006 
0.0 552.0 292.0 2825.0 6256.130000000005 
0.0 387.0 315.0 3752.0 7876.920000000001 
0.0 649.0 245.0 2365.0 5361.000000000007 
0.0 484.0 291.0 3202.0 6878.370000000004 
0.0 776.0 190.0 1771.0 4066.810000000002 
0.0 885.0 134.0 1337.0 2717.2100000000014 
0.0 210.0 442.0 4661.0 9633.620000000003 
0.0 231.0 435.0 4528.0 9487.76000000001 
0.0 452.0 355.0 3393.0 6893.2200000000075 
0.0 61.0 554.0 5607.0 11190.860000000008 
0.0 216.0 476.0 4641.0 9360.660000000005 
0.0 190.0 487.0 4795.0 9641.920000000006 
0.0 133.0 521.0 5122.0 10327.87 
0.0 155.0 508.0 4994.0 10058.510000000004 
0.0 157.0 503.0 4981.0 10040.680000000006 
0.0 88.0 542.0 5425.0 10815.78000000001 
0.0 563.0 287.0 2842.0 5801.560000000008 
0.0 171.0 486.0 4872.0 10056.98000000001 
0.0 355.0 395.0 3850.0 7996.920000000004 
0.0 256.0 452.0 4363.0 9222.170000000007 
0.0 681.0 234.0 2239.0 4813.500000000005 
0.0 739.0 207.0 1999.0 4148.6500000000015 
0.0 279.0 439.0 4257.0 8788.940000000002 
0.0 98.0 535.0 5345.0 10737.370000000008 
0.0 89.0 544.0 5411.0 10821.070000000007 
0.0 71.0 552.0 5533.0 11047.410000000009 
0.0 437.0 357.0 3455.0 7082.550000000008 
0.0 398.0 378.0 3634.0 7541.410000000006 
0.0 402.0 374.0 3617.0 7489.850000000006 
0.0 455.0 349.0 3368.0 6890.260000000008 
0.0 174.0 500.0 4878.0 9849.76000000001 
0.0 274.0 447.0 4285.0 8838.56 
0.0 529.0 312.0 2980.0 6217.160000000007 
0.0 395.0 378.0 3651.0 7567.260000000006 
0.0 401.0 374.0 3625.0 7488.950000000006 
0.0 372.0 390.0 3764.0 7813.600000000005 
0.0 359.0 393.0 3831.0 7950.240000000003 
0.0 249.0 455.0 4415.0 9158.890000000009 
0.0 239.0 460.0 4472.0 9265.620000000006 
0.0 176.0 488.0 4840.0 9991.76000000001 
0.0 332.0 409.0 3986.0 8174.340000000005 
0.0 292.0 431.0 4195.0 8614.039999999999 
0.0 549.0 303.0 2883.0 6016.920000000007 
0.0 295.0 429.0 4143.0 8822.430000000002 
0.0 207.0 463.0 4654.0 9716.800000000007 
0.0 137.0 489.0 5103.0 10411.360000000002 
0.0 324.0 411.0 4009.0 8333.890000000001 
0.0 122.0 524.0 5181.0 10505.790000000005 
0.0 195.0 487.0 4749.0 9632.280000000008 
0.0 391.0 380.0 3669.0 7615.800000000006 
0.0 176.0 495.0 4858.0 9853.89000000001 
0.0 171.0 500.0 4888.0 9908.930000000008 
0.0 498.0 323.0 3110.0 6620.690000000006 
0.0 508.0 317.0 3063.0 6508.700000000006 
0.0 229.0 461.0 4523.0 9433.480000000009 
0.0 287.0 433.0 4192.0 8833.130000000001 
0.0 403.0 376.0 3599.0 7528.300000000006 
0.0 321.0 415.0 4027.0 8354.760000000002 
0.0 396.0 380.0 3641.0 7573.140000000005 
0.0 125.0 524.0 5194.0 10364.810000000005 
0.0 118.0 527.0 5234.0 10454.500000000005 
0.0 114.0 532.0 5262.0 10495.190000000006 
0.0 158.0 507.0 4995.0 9978.620000000004 
0.0 172.0 499.0 4915.0 9811.900000000003 
0.0 126.0 527.0 5186.0 10356.320000000005 
0.0 121.0 526.0 5214.0 10421.900000000007 
0.0 122.0 525.0 5212.0 10400.940000000006 
0.0 494.0 331.0 3178.0 6490.700000000007 
0.0 81.0 534.0 5466.0 11005.210000000006 
0.0 407.0 370.0 3630.0 7327.4600000000055 
0.0 167.0 504.0 4945.0 9867.910000000003 
0.0 563.0 288.0 2836.0 5817.870000000008 
0.0 80.0 532.0 5479.0 11020.050000000007 
0.0 263.0 448.0 4356.0 8918.640000000001 
0.0 238.0 459.0 4496.0 9185.640000000007 
0.0 77.0 537.0 5496.0 11030.300000000008 
0.0 136.0 517.0 5084.0 10438.870000000004 
0.0 60.0 555.0 5614.0 11205.660000000007 
0.0 303.0 426.0 4102.0 8694.110000000002 
0.0 172.0 492.0 4864.0 10026.26000000001 
0.0 139.0 499.0 5079.0 10343.190000000002 
0.0 1086.0 44.0 401.0 918.2900000000002 
0.0 1049.0 52.0 562.0 1342.78 
0.0 986.0 81.0 830.0 1977.06 
0.0 904.0 96.0 1207.0 2771.6300000000015 
0.0 894.0 99.0 1254.0 2869.990000000002 
0.0 1083.0 38.0 416.0 960.5500000000001 
0.0 1038.0 50.0 609.0 1457.5700000000004 
0.0 879.0 96.0 1340.0 3031.3300000000013 
0.0 738.0 147.0 2021.0 4404.460000000004 
0.0 939.0 112.0 1055.0 2302.2200000000003 
0.0 485.0 314.0 3159.0 6960.450000000005 
0.0 331.0 350.0 4035.0 8421.940000000002 
0.0 505.0 304.0 3059.0 6743.150000000006 
0.0 368.0 359.0 3783.0 8079.540000000003 
0.0 518.0 299.0 2994.0 6598.430000000007 
0.0 457.0 337.0 3299.0 7206.3000000000075 
0.0 413.0 350.0 3531.0 7659.510000000005 
0.0 704.0 222.0 2138.0 4567.910000000003 
0.0 618.0 255.0 2517.0 5549.490000000007 
0.0 726.0 210.0 2035.0 4364.570000000002 
0.0 781.0 198.0 1811.0 3718.500000000002 
0.0 798.0 189.0 1733.0 3551.470000000001 
0.0 348.0 399.0 3863.0 8303.010000000002 
0.0 459.0 345.0 3291.0 7112.410000000007 
0.0 160.0 483.0 4948.0 10143.630000000006 
0.0 218.0 462.0 4588.0 9580.64000000001 
0.0 820.0 176.0 1631.0 3339.190000000002 
0.0 661.0 239.0 2310.0 5220.050000000008 
0.0 580.0 276.0 2692.0 5964.200000000007 
0.0 507.0 299.0 3052.0 6717.4600000000055 
0.0 472.0 311.0 3235.0 7073.030000000004 
0.0 407.0 321.0 3609.0 7711.000000000002 
0.0 749.0 169.0 1921.0 4276.270000000001 
0.0 732.0 170.0 2005.0 4474.650000000004 
0.0 812.0 162.0 1605.0 3712.6300000000015 
0.0 715.0 177.0 2085.0 4665.820000000005 
0.0 728.0 173.0 2022.0 4519.120000000004 
0.0 787.0 162.0 1732.0 3965.210000000003 
0.0 948.0 104.0 1017.0 2206.7200000000007 
0.0 845.0 155.0 1451.0 3381.820000000001 
0.0 543.0 239.0 2952.0 6303.350000000004 
0.0 798.0 183.0 1693.0 3670.6700000000023 
0.0 684.0 225.0 2207.0 4925.4600000000055 
0.0 432.0 320.0 3459.0 7441.670000000003 
0.0 827.0 165.0 1541.0 3492.0400000000022 
0.0 762.0 195.0 1838.0 4204.6600000000035 
0.0 753.0 197.0 1882.0 4297.830000000004 
0.0 679.0 215.0 2233.0 5050.66000000001 
0.0 495.0 268.0 3182.0 6827.480000000005 
0.0 638.0 244.0 2419.0 5430.880000000008 
0.0 149.0 477.0 5033.0 10314.820000000005 
0.0 741.0 203.0 1976.0 4174.970000000001 
0.0 731.0 222.0 2019.0 4293.930000000003 
0.0 699.0 222.0 2149.0 4677.840000000005 
0.0 487.0 330.0 3152.0 6805.550000000008 
0.0 710.0 218.0 2156.0 4365.410000000003 
0.0 533.0 296.0 2919.0 6429.150000000008 
0.0 255.0 413.0 4405.0 9235.75000000001 
0.0 258.0 413.0 4386.0 9195.080000000007 
0.0 421.0 365.0 3482.0 7585.270000000005 
0.0 304.0 396.0 4122.0 8661.880000000003 
0.0 572.0 282.0 2731.0 6015.820000000009 
0.0 431.0 357.0 3431.0 7482.020000000004 
0.0 641.0 246.0 2423.0 5213.7600000000075 
0.0 297.0 378.0 4190.0 8857.490000000003 
0.0 871.0 138.0 1336.0 3115.3700000000017 
0.0 479.0 285.0 3244.0 6959.420000000005 
0.0 825.0 129.0 1572.0 3569.6300000000024 
0.0 981.0 57.0 879.0 2057.1600000000008 
0.0 809.0 120.0 1678.0 3705.220000000001 
0.0 668.0 186.0 2323.0 5097.900000000005 
0.0 998.0 75.0 777.0 1850.8400000000001 
0.0 583.0 238.0 2714.0 5892.170000000007 
0.0 1100.0 29.0 339.0 816.4100000000001 
0.0 1082.0 34.0 423.0 968.8000000000002 
0.0 1013.0 49.0 731.0 1702.240000000001 
0.0 910.0 92.0 1182.0 2750.1500000000015 
0.0 345.0 343.0 3958.0 8292.62 
0.0 622.0 257.0 2493.0 5591.570000000006 
0.0 385.0 317.0 3760.0 7896.320000000001 
0.0 720.0 210.0 2105.0 4290.490000000002 
0.0 524.0 296.0 2964.0 6544.400000000007 
0.0 405.0 368.0 3566.0 7735.800000000005 
0.0 585.0 279.0 2695.0 5718.880000000008 
0.0 549.0 293.0 2849.0 6167.090000000008 
0.0 242.0 411.0 4499.0 9353.770000000002 
0.0 789.0 183.0 1715.0 3882.0700000000024 
0.0 669.0 201.0 2299.0 5055.840000000008 
0.0 561.0 228.0 2866.0 6144.070000000006 
0.0 643.0 195.0 2448.0 5334.210000000008 
0.0 361.0 328.0 3891.0 8141.340000000002 
0.0 692.0 223.0 2164.0 4927.560000000006 
0.0 783.0 191.0 1765.0 3808.6100000000024 
0.0 671.0 235.0 2266.0 5068.230000000007 
0.0 814.0 174.0 1622.0 3503.860000000001 
0.0 638.0 251.0 2417.0 5466.030000000008 
0.0 766.0 203.0 1865.0 3910.390000000002 
0.0 547.0 292.0 2850.0 6295.670000000006 
0.0 891.0 131.0 1252.0 2850.900000000002 
0.0 900.0 126.0 1215.0 2740.210000000001 
0.0 819.0 158.0 1573.0 3633.9000000000015 
0.0 754.0 164.0 1901.0 4221.810000000001 
0.0 871.0 135.0 1336.0 3115.8900000000017 
0.0 850.0 153.0 1428.0 3340.480000000001 
0.0 731.0 196.0 1986.0 4524.100000000003 
0.0 575.0 253.0 2733.0 6015.890000000009 
0.0 347.0 359.0 3910.0 8282.22 
0.0 580.0 274.0 2693.0 5956.950000000007 
0.0 768.0 208.0 1872.0 3845.2300000000014 
0.0 307.0 365.0 4158.0 8676.610000000002 
0.0 1028.0 86.0 678.0 1431.66 
0.0 368.0 400.0 3758.0 8082.780000000004 
0.0 466.0 347.0 3267.0 6953.060000000006 
0.0 407.0 371.0 3560.0 7617.310000000005 
0.0 505.0 320.0 3090.0 6484.140000000007 
0.0 553.0 297.0 2873.0 5949.380000000008 
0.0 392.0 378.0 3635.0 7809.610000000004 
0.0 231.0 462.0 4510.0 9446.65000000001 
0.0 342.0 404.0 3908.0 8181.640000000005 
0.0 503.0 325.0 3125.0 6424.330000000007 
0.0 626.0 258.0 2545.0 5176.610000000004 
0.0 345.0 409.0 3877.0 8328.27 
0.0 642.0 249.0 2410.0 5274.780000000008 
0.0 521.0 296.0 2979.0 6587.420000000006 
0.0 431.0 348.0 3434.0 7490.680000000005 
0.0 425.0 348.0 3466.0 7550.280000000005 
0.0 599.0 267.0 2602.0 5793.650000000006 
0.0 1004.0 74.0 763.0 1730.77 
0.0 853.0 120.0 1437.0 3282.5000000000014 
0.0 690.0 179.0 2216.0 4863.930000000005 
0.0 707.0 173.0 2134.0 4760.120000000004 
0.0 836.0 152.0 1492.0 3497.5000000000014 
0.0 916.0 115.0 1140.0 2605.3700000000003 
0.0 454.0 338.0 3315.0 7231.540000000007 
0.0 918.0 114.0 1126.0 2654.4800000000005 
0.0 777.0 160.0 1786.0 4069.1500000000033 
0.0 597.0 219.0 2668.0 5769.440000000009 
0.0 833.0 160.0 1533.0 3329.8600000000015 
0.0 351.0 402.0 3850.0 8189.360000000002 
0.0 195.0 472.0 4726.0 9818.560000000007 
0.0 184.0 480.0 4792.0 9933.810000000009 
0.0 334.0 406.0 3964.0 8193.010000000006 
0.0 338.0 405.0 3943.0 8149.780000000005 
0.0 453.0 349.0 3376.0 6916.910000000009 
0.0 278.0 436.0 4242.0 8931.840000000004 
0.0 106.0 508.0 5316.0 10703.950000000004 
0.0 307.0 424.0 4087.0 8592.500000000002 
0.0 246.0 453.0 4422.0 9293.770000000008 
0.0 492.0 325.0 3142.0 6670.500000000006 
0.0 425.0 364.0 3472.0 7387.660000000006 
0.0 107.0 503.0 5330.0 10709.790000000003 
0.0 143.0 493.0 5057.0 10297.250000000005 
0.0 495.0 311.0 3109.0 6842.560000000007 
0.0 452.0 338.0 3325.0 7284.3400000000065 
0.0 401.0 344.0 3607.0 7753.520000000003 
0.0 708.0 223.0 2131.0 4482.7800000000025 
0.0 220.0 415.0 4648.0 9624.290000000003 
0.0 487.0 313.0 3149.0 6937.770000000006 
0.0 725.0 204.0 2074.0 4259.270000000001 
0.0 651.0 247.0 2372.0 5148.780000000008 
0.0 203.0 458.0 4682.0 9765.000000000004 
0.0 500.0 324.0 3096.0 6617.890000000006 
0.0 547.0 301.0 2899.0 6017.960000000007 
0.0 446.0 352.0 3363.0 7190.460000000007 
0.0 450.0 351.0 3344.0 7138.560000000008 
0.0 671.0 236.0 2331.0 4754.970000000003 
0.0 427.0 321.0 3487.0 7502.390000000002 
0.0 403.0 328.0 3620.0 7751.790000000002 
0.0 1060.0 62.0 526.0 1134.0600000000002 
0.0 599.0 267.0 2601.0 5821.900000000007 
0.0 351.0 363.0 3880.0 8210.310000000001 
0.0 567.0 287.0 2752.0 6121.260000000007 
0.0 779.0 194.0 1771.0 3904.410000000002 
0.0 711.0 213.0 2077.0 4713.680000000005 
0.0 732.0 211.0 1982.0 4465.750000000005 
0.0 549.0 280.0 2845.0 6283.560000000008 
0.0 732.0 218.0 2008.0 4306.340000000003 
0.0 54.0 557.0 5672.0 11264.510000000007 
0.0 106.0 533.0 5281.0 10708.800000000005 
0.0 83.0 542.0 5442.0 10941.150000000005 
0.0 187.0 490.0 4800.0 9708.580000000007 
0.0 318.0 414.0 4055.0 8340.090000000002 
0.0 181.0 483.0 4810.0 9954.39000000001 
0.0 650.0 244.0 2403.0 5027.6200000000035 
0.0 386.0 353.0 3684.0 7887.290000000003 
0.0 783.0 188.0 1748.0 3896.9600000000023 
0.0 675.0 215.0 2253.0 5102.8900000000085 
0.0 1032.0 72.0 720.0 1391.7900000000004 
0.0 743.0 168.0 1952.0 4338.970000000003 
0.0 665.0 182.0 2353.0 5111.550000000007 
0.0 736.0 174.0 1981.0 4413.000000000003 
0.0 576.0 219.0 2795.0 5998.190000000007 
0.0 626.0 198.0 2542.0 5532.290000000007 
0.0 743.0 174.0 1946.0 4338.850000000002 
0.0 819.0 161.0 1571.0 3653.0800000000013 
0.0 810.0 162.0 1615.0 3729.520000000002 
0.0 961.0 97.0 975.0 2055.3999999999996 
0.0 551.0 249.0 2884.0 6175.160000000006 
0.0 871.0 143.0 1383.0 2879.6100000000015 
0.0 847.0 161.0 1478.0 3151.4300000000017 
0.0 124.0 497.0 5191.0 10510.170000000006 
0.0 130.0 496.0 5145.0 10459.790000000003 
0.0 349.0 398.0 3894.0 8009.320000000004 
0.0 297.0 431.0 4159.0 8592.320000000002 
0.0 274.0 444.0 4281.0 8858.020000000002 
0.0 373.0 388.0 3775.0 7751.250000000005 
0.0 339.0 406.0 3939.0 8133.880000000005 
0.0 396.0 375.0 3665.0 7494.080000000006 
0.0 209.0 473.0 4645.0 9588.810000000005 
0.0 535.0 304.0 2971.0 6096.450000000009 
0.0 567.0 286.0 2823.0 5761.280000000008 
0.0 510.0 324.0 3054.0 6481.740000000006 
0.0 341.0 393.0 3905.0 8324.810000000001 
0.0 287.0 417.0 4203.0 8825.830000000002 
0.0 794.0 186.0 1694.0 3807.3400000000015 
0.0 837.0 164.0 1508.0 3317.8100000000013 
0.0 613.0 234.0 2551.0 5671.330000000009 
0.0 722.0 206.0 2025.0 4641.570000000002 
0.0 584.0 254.0 2683.0 5981.420000000007 
0.0 606.0 253.0 2573.0 5729.320000000009 
0.0 802.0 184.0 1697.0 3552.110000000002 
0.0 502.0 268.0 3140.0 6690.060000000005 
0.0 952.0 69.0 1006.0 2358.9199999999996 
0.0 1042.0 50.0 591.0 1413.77 
0.0 1061.0 46.0 519.0 1225.6899999999996 
0.0 804.0 170.0 1640.0 3817.7300000000014 
0.0 880.0 133.0 1295.0 3018.3700000000017 
0.0 761.0 181.0 1849.0 4256.340000000005 
0.0 615.0 215.0 2570.0 5610.620000000008 
0.0 925.0 95.0 1104.0 2584.7400000000007 
0.0 998.0 80.0 781.0 1803.3999999999996 
0.0 338.0 409.0 3914.0 8419.44 
0.0 578.0 286.0 2751.0 5706.000000000008 
0.0 281.0 413.0 4243.0 8912.540000000005 
0.0 453.0 348.0 3321.0 7180.540000000006 
0.0 324.0 412.0 3989.0 8512.25 
0.0 192.0 461.0 4752.0 9868.060000000005 
0.0 205.0 458.0 4669.0 9756.180000000004 
0.0 622.0 263.0 2541.0 5277.030000000006 
0.0 465.0 329.0 3259.0 7142.190000000007 
0.0 669.0 235.0 2311.0 4859.610000000003 
0.0 558.0 292.0 2795.0 6219.280000000005 
0.0 396.0 338.0 3646.0 7790.060000000002 
0.0 461.0 322.0 3285.0 7203.670000000005 
0.0 805.0 181.0 1677.0 3541.8000000000015 
0.0 587.0 276.0 2657.0 5954.570000000006 
0.0 594.0 271.0 2625.0 5835.660000000007 
0.0 593.0 273.0 2629.0 5872.690000000006 
0.0 816.0 175.0 1621.0 3451.3200000000015 
0.0 567.0 286.0 2754.0 6074.4700000000075 
0.0 428.0 345.0 3451.0 7531.300000000006 
0.0 716.0 220.0 2080.0 4461.760000000001 
0.0 778.0 201.0 1829.0 3738.750000000002 
0.0 247.0 431.0 4432.0 9303.61000000001 
0.0 395.0 379.0 3628.0 7677.420000000005 
0.0 314.0 422.0 4044.0 8577.6 
0.0 165.0 499.0 4906.0 10101.310000000005 
0.0 157.0 502.0 4956.0 10175.160000000005 
0.0 524.0 311.0 2974.0 6396.180000000006 
0.0 353.0 399.0 3836.0 8257.010000000002 
0.0 215.0 450.0 4613.0 9647.510000000006 
0.0 476.0 335.0 3210.0 6898.220000000009 
0.0 429.0 363.0 3444.0 7427.270000000005 
0.0 248.0 421.0 4439.0 9279.950000000006 
0.0 304.0 401.0 4117.0 8643.560000000003 
0.0 633.0 253.0 2452.0 5349.730000000007 
0.0 724.0 217.0 2065.0 4307.210000000002 
0.0 701.0 217.0 2167.0 4536.450000000001 
0.0 606.0 264.0 2577.0 5621.470000000007 
0.0 428.0 360.0 3446.0 7519.230000000004 
0.0 576.0 285.0 2717.0 5921.370000000008 
0.0 250.0 450.0 4400.0 9256.530000000008 
0.0 616.0 258.0 2529.0 5537.8000000000075 
0.0 642.0 241.0 2416.0 5225.490000000007 
0.0 630.0 248.0 2467.0 5378.0900000000065 
0.0 673.0 240.0 2274.0 4900.300000000006 
0.0 443.0 339.0 3373.0 7352.080000000005 
0.0 426.0 342.0 3464.0 7540.820000000005 
0.0 420.0 343.0 3496.0 7618.340000000004 
0.0 382.0 358.0 3700.0 7968.290000000002 
0.0 555.0 294.0 2811.0 6209.530000000008 
0.0 406.0 358.0 3565.0 7742.440000000003 
0.0 371.0 364.0 3758.0 8051.990000000002 
0.0 445.0 343.0 3361.0 7343.370000000005 
0.0 393.0 349.0 3648.0 7820.120000000003 
0.0 539.0 302.0 2890.0 6326.370000000008 
0.0 546.0 297.0 2857.0 6243.030000000007 
0.0 780.0 197.0 1812.0 3738.7500000000014 
0.0 697.0 221.0 2146.0 4798.300000000005 
0.0 850.0 154.0 1442.0 3235.0100000000016 
0.0 664.0 202.0 2323.0 5126.100000000009 
0.0 851.0 143.0 1425.0 3335.3800000000015 
0.0 912.0 118.0 1154.0 2677.9600000000005 
0.0 968.0 97.0 924.0 2026.9399999999996 
0.0 857.0 144.0 1397.0 3275.930000000001 
0.0 932.0 115.0 1070.0 2437.6 
0.0 966.0 94.0 931.0 2053.0899999999997 
0.0 883.0 136.0 1295.0 2888.0600000000018 
0.0 711.0 210.0 2077.0 4731.120000000004 
0.0 800.0 175.0 1657.0 3867.6100000000015 
0.0 685.0 212.0 2205.0 4983.360000000009 
0.0 733.0 205.0 1974.0 4540.040000000003 
0.0 646.0 224.0 2392.0 5307.120000000009 
0.0 953.0 103.0 993.0 2161.7999999999997 
0.0 752.0 170.0 1905.0 4242.090000000001 
0.0 764.0 167.0 1846.0 4210.340000000003 
0.0 579.0 234.0 2746.0 5918.620000000007 
0.0 613.0 221.0 2570.0 5639.980000000008 
0.0 611.0 222.0 2580.0 5660.210000000007 
0.0 695.0 214.0 2154.0 4873.490000000007 
0.0 745.0 207.0 1918.0 4360.930000000003 
0.0 827.0 163.0 1573.0 3341.670000000001 
0.0 798.0 179.0 1691.0 3680.260000000002 
0.0 703.0 218.0 2113.0 4811.2500000000055 
0.0 816.0 170.0 1588.0 3628.800000000002 
0.0 808.0 169.0 1624.0 3724.2600000000016 
0.0 497.0 274.0 3158.0 6735.770000000005 
0.0 739.0 204.0 2020.0 4096.85 
0.0 632.0 258.0 2453.0 5395.57000000001 
0.0 723.0 214.0 2056.0 4362.6900000000005 
0.0 589.0 276.0 2648.0 5909.680000000006 
0.0 453.0 290.0 3392.0 7243.740000000004 
0.0 764.0 200.0 1849.0 4013.0900000000033 
0.0 788.0 194.0 1746.0 3740.280000000002 
